160 240
13 70
12 56
19 56
13 54
10 54
22 54
13 54
11 53
10 51
13 51
16 47
10 45
7 45
17 35
16 34
16 33
8 33
11 32
7 30
6 28
12 28
12 28
11 28
5 28
6 27
5 27
8 27
4 26
9 26
7 25
19 25
6 25
5 25
13 25
4 24
12 23
6 23
7 23
23 23
17 23
5 22
6 22
19 21
19 21
21 21
6 21
5 21
14 21
4 21
7 21
10 21
8 21
31 20
4 20
19 20
6 20
7 20
29 19
4 19
41 18
6 18
6 18
8 17
19 17
19 17
21 17
3 17
5 17
21 16
5 16
7 16
17 16
18 16
22 16
3 16
8 15
9 15
19 14
8 14
16 14
4 14
22 14
13 14
22 14
14 13
33 13
3 13
7 13
20 13
14 13
8 13
8 13
13 13
16 13
18 13
21 13
3 12
7 12
3 12
10 12
2 12
4 12
39 12
8 12
20 12
21 12
19 11
21 11
4 11
5 11
3 11
16 11
8 11
29 11
11 11
29 11
8 10
26 10
6 10
23 10
12 10
3 10
19 10
20 10
8 10
2 10
4 10
7 10
4 10
6 10
8 10
16 10
33 10
3 9
22 9
4 9
16 9
16 9
16 9
19 9
20 9
9 9
7 9
5 9
5 9
9 9
9 9
7 9
3 8
10 8
6 8
13 8
7 8
41 8
31 8
33 8
9 7
9 7
9 7
8 7
9 7
6 7
4 7
14 7
9 7
25 7
13 6
5 6
12 6
6 6
5 6
5 6
3 6
14 6
7 6
19 6
20 6
12 6
4 4
4 4
2 4
17 4
10 4
8 4
3 4
17 4
4 3
2 3
6 3
3 3
5 3
21 3
13 2
6 2
4 2
9 2
e
