160 240
17 113
21 101
12 80
15 75
11 73
22 59
16 57
22 57
11 56
9 55
13 47
16 46
10 45
10 44
8 42
9 39
10 39
14 37
11 37
13 36
17 34
7 33
16 32
6 32
5 31
8 31
5 28
5 28
13 27
8 27
4 27
4 27
7 26
12 25
71 25
5 25
6 24
8 22
9 21
6 21
30 20
22 20
5 20
3 20
4 19
6 19
3 18
38 18
9 17
13 17
65 16
3 16
8 15
12 15
8 15
9 15
5 15
72 15
7 14
14 14
6 13
3 13
6 13
2 13
8 12
13 12
3 12
9 12
11 12
10 11
10 11
3 11
3 11
36 11
10 11
8 11
7 11
25 11
2 11
6 11
4 10
6 10
6 10
17 10
3 10
2 10
51 10
3 10
36 10
11 10
3 9
12 9
62 9
10 9
25 9
3 9
2 9
11 9
19 9
9 9
38 9
2 9
15 9
42 9
28 8
39 8
11 8
12 8
25 8
2 8
2 8
7 8
30 8
33 8
26 7
35 7
17 7
4 7
10 7
6 7
3 7
27 7
6 7
12 7
5 7
5 7
2 7
2 6
33 6
10 6
6 6
8 6
27 6
7 6
1 6
1 6
3 6
3 6
27 5
7 5
29 5
1 5
12 5
32 5
17 5
14 5
5 5
9 5
16 5
18 4
10 4
6 4
12 4
19 4
1 4
1 4
6 4
2 4
1 4
2 4
14 3
8 3
3 3
3 3
16 3
17 3
5 3
6 3
12 3
10 3
10 3
13 3
1 3
1 2
3 2
3 2
6 2
6 2
4 2
2 2
4 2
5 2
7 2
5 2
6 2
1 2
1 2
2 1
2 1
2 1
1 1
2 1
4 1
1 1
1 1
2 1
2 1
e
