160 240
16 92
26 92
12 65
8 50
30 49
9 49
11 44
12 44
12 40
12 39
9 39
6 37
6 37
5 35
16 34
8 34
9 33
6 33
5 32
7 32
5 32
6 32
6 31
16 31
6 31
5 30
10 29
5 29
4 27
10 26
5 24
6 24
16 23
14 23
9 23
6 22
33 22
21 22
4 22
10 22
5 22
9 22
30 21
36 20
21 20
59 19
6 18
5 18
3 18
38 17
22 17
5 17
7 17
3 17
32 17
6 17
13 17
8 17
4 17
4 17
57 17
22 17
6 16
30 16
9 15
19 15
4 15
5 15
5 15
3 15
22 15
10 14
24 14
11 13
30 13
21 13
4 13
17 12
13 12
11 12
19 11
12 11
2 11
26 11
25 11
16 11
5 11
3 11
2 10
5 10
13 10
15 10
8 10
8 10
7 10
59 10
21 10
27 10
6 10
4 10
47 10
9 10
12 10
11 10
2 9
10 9
3 9
41 9
6 9
15 9
51 8
11 8
30 8
3 8
47 8
4 8
8 8
3 8
15 8
3 8
22 8
35 8
19 8
24 8
31 8
5 8
5 8
6 8
2 8
16 8
14 8
6 8
3 7
32 7
6 7
14 7
12 7
12 7
5 7
7 7
3 7
3 7
3 7
3 7
25 7
2 7
2 7
3 7
4 7
38 7
33 7
1 7
17 6
13 6
10 6
15 6
5 5
8 5
26 5
24 5
10 5
26 5
8 5
5 5
2 5
35 5
16 5
17 5
13 5
31 5
5 5
14 5
35 5
25 5
5 4
20 4
6 4
9 4
22 4
2 4
3 4
7 4
14 3
12 3
3 3
13 3
5 3
3 3
3 3
17 3
10 2
3 2
4 2
1 2
3 2
6 2
e
