--0.0
16.666666666666664
18.333333333333332
21.666666666666668
20.0
23.333333333333332
18.333333333333332
21.666666666666668
16.666666666666664
18.333333333333332
21.666666666666668
--0.03
23.333333333333332
21.666666666666668
21.666666666666668
18.333333333333332
20.0
23.333333333333332
20.0
20.0
20.0
21.666666666666668
--0.06
20.0
23.333333333333332
23.333333333333332
20.0
23.333333333333332
21.666666666666668
23.333333333333332
21.666666666666668
21.666666666666668
--0.1
18.333333333333332
18.333333333333332
20.0
25.0
8.333333333333332
21.666666666666668
23.333333333333332
21.666666666666668
23.333333333333332
15.0
15.0
--0.15
20.0
18.333333333333332
18.333333333333332
20.0
16.666666666666664
18.333333333333332
21.666666666666668
23.333333333333332
23.333333333333332
18.333333333333332
--0.2
25.0
15.0
21.666666666666668
16.666666666666664
30.0
21.666666666666668
26.666666666666668
28.333333333333332
26.666666666666668
25.0
--0.6
28.333333333333332
31.666666666666664
30.0
30.0
30.0
30.0
26.666666666666668
33.33333333333333
33.33333333333333
31.666666666666664