--5000
16.666666666666664
18.333333333333332
15.0
15.0
21.666666666666668
18.333333333333332
20.0
15.0
13.333333333333334
18.333333333333332
--500
25.0
20.0
16.666666666666664
16.666666666666664
18.333333333333332
20.0
18.333333333333332
23.333333333333332
20.0
23.333333333333332
--2500
16.666666666666664
18.333333333333332
15.0
21.666666666666668
21.666666666666668
16.666666666666664
21.666666666666668
13.333333333333334
18.333333333333332
21.666666666666668
--1000
21.666666666666668
23.333333333333332
18.333333333333332
20.0
15.0
23.333333333333332
20.0
18.333333333333332
18.333333333333332
20.0
--10000
18.333333333333332
16.666666666666664
21.666666666666668
20.0
18.333333333333332
15.0
16.666666666666664
18.333333333333332
18.333333333333332
15.0
--1500
21.666666666666668
21.666666666666668
18.333333333333332
23.333333333333332
20.0
21.666666666666668
16.666666666666664
16.666666666666664
21.666666666666668
18.333333333333332
--3500
18.333333333333332
16.666666666666664
20.0
20.0
13.333333333333334
20.0
16.666666666666664
18.333333333333332
18.333333333333332
20.0
