--0.15
23.333333333333332
20.0
21.666666666666668
18.333333333333332
23.333333333333332
21.666666666666668
18.333333333333332
16.666666666666664
23.333333333333332
20.0
--0.2
20.0
25.0
13.333333333333334
21.666666666666668
23.333333333333332
16.666666666666664
18.333333333333332
16.666666666666664
21.666666666666668
20.0
--0.4
15.0
18.333333333333332
23.333333333333332
23.333333333333332
15.0
16.666666666666664
20.0
20.0
25.0
18.333333333333332
--0.5
18.333333333333332
21.666666666666668
13.333333333333334
26.666666666666668
30.0
20.0
20.0
23.333333333333332
23.333333333333332
20.0
--0.1
23.333333333333332
26.666666666666668
25.0
28.333333333333332
23.333333333333332
21.666666666666668
26.666666666666668
26.666666666666668
20.0
25.0
--0.05
28.333333333333332
25.0
30.0
26.666666666666668
28.333333333333332
23.333333333333332
25.0
18.333333333333332
31.666666666666664
23.333333333333332
--0.3
20.0
18.333333333333332
20.0
20.0
25.0
25.0
26.666666666666668
23.333333333333332
23.333333333333332
23.333333333333332
