--25
23.333333333333332
23.333333333333332
25.0
21.666666666666668
18.333333333333332
26.666666666666668
23.333333333333332
23.333333333333332
21.666666666666668
28.333333333333332
--50
18.333333333333332
20.0
20.0
16.666666666666664
18.333333333333332
21.666666666666668
26.666666666666668
20.0
18.333333333333332
20.0
--100
18.333333333333332
18.333333333333332
16.666666666666664
16.666666666666664
18.333333333333332
13.333333333333334
18.333333333333332
18.333333333333332
23.333333333333332
23.333333333333332
--200
15.0
18.333333333333332
13.333333333333334
20.0
20.0
15.0
23.333333333333332
16.666666666666664
10.0
20.0
--400
16.666666666666664
20.0
18.333333333333332
21.666666666666668
18.333333333333332
20.0
15.0
16.666666666666664
16.666666666666664
20.0
--75
20.0
16.666666666666664
23.333333333333332
25.0
20.0
20.0
21.666666666666668
26.666666666666668
16.666666666666664
21.666666666666668
--150
20.0
16.666666666666664
16.666666666666664
18.333333333333332
18.333333333333332
16.666666666666664
20.0
13.333333333333334
20.0
20.0
